WEATHER_API_KEY =
TURKU_LAT = 60.451813
TURKU_LON = 22.266630
LOCALE = fi-FI
SPOT_MARGIN = 0.0038